%YAML:1.0
mat: !!opencv-matrix
   rows: 1
   cols: 256
   dt: f
   data: [ 4628., 694., 428., 428., 737., 77., 530., 446., 351., 67.,
       84., 83., 357., 53., 795., 796., 522., 104., 81., 59., 49., 10.,
       57., 38., 328., 43., 49., 73., 316., 23., 550., 414., 388., 69.,
       56., 51., 64., 15., 55., 54., 42., 13., 6., 10., 42., 16., 41.,
       67., 365., 61., 40., 40., 59., 3., 45., 31., 382., 37., 45., 61.,
       528., 20., 290., 181., 879., 61., 88., 65., 90., 5., 47., 18.,
       81., 3., 23., 14., 49., 6., 59., 50., 63., 11., 5., 13., 4., 2.,
       5., 3., 51., 10., 16., 13., 17., 7., 32., 41., 513., 73., 72.,
       55., 61., 7., 44., 27., 53., 9., 9., 10., 30., 9., 47., 72., 422.,
       27., 46., 29., 25., 7., 26., 10., 326., 19., 54., 50., 192., 11.,
       143., 100., 464., 465., 44., 527., 87., 75., 70., 465., 38., 40.,
       9., 64., 74., 46., 79., 414., 69., 62., 14., 42., 7., 10., 12.,
       33., 39., 41., 10., 81., 39., 32., 49., 262., 101., 85., 9., 55.,
       37., 19., 12., 76., 6., 14., 2., 15., 7., 9., 11., 71., 82., 104.,
       2., 81., 12., 16., 7., 68., 49., 62., 13., 192., 54., 66., 61.,
       489., 623., 501., 55., 676., 57., 23., 50., 283., 56., 47., 15.,
       73., 42., 17., 78., 218., 63., 34., 11., 37., 5., 3., 13., 15.,
       34., 38., 9., 69., 24., 10., 44., 132., 1032., 870., 68., 465.,
       74., 46., 63., 230., 67., 56., 18., 67., 46., 52., 155., 374.,
       823., 499., 83., 308., 38., 43., 51., 148., 367., 242., 68., 554.,
       150., 141., 333., 1379. ]
