%YAML:1.0
mat: !!opencv-matrix
   rows: 1
   cols: 256
   dt: f
   data: [ 3885., 546., 392., 363., 627., 51., 498., 385., 322., 73.,
       67., 75., 333., 45., 675., 758., 450., 71., 69., 46., 54., 4.,
       63., 24., 284., 36., 43., 62., 289., 23., 477., 346., 376., 62.,
       44., 53., 46., 9., 48., 39., 42., 14., 7., 7., 33., 10., 48., 61.,
       309., 45., 38., 33., 45., 6., 44., 22., 355., 34., 48., 48., 562.,
       31., 261., 158., 666., 63., 75., 63., 63., 9., 39., 26., 62., 9.,
       10., 15., 38., 9., 50., 40., 68., 13., 4., 4., 5., 0., 8., 5.,
       43., 4., 15., 8., 28., 8., 29., 26., 435., 67., 38., 51., 45.,
       10., 35., 22., 33., 10., 10., 10., 36., 17., 44., 63., 363., 31.,
       41., 26., 31., 4., 29., 14., 261., 26., 35., 50., 166., 19., 131.,
       94., 391., 370., 48., 460., 80., 51., 37., 325., 28., 46., 7.,
       53., 49., 52., 57., 335., 77., 47., 12., 38., 13., 8., 10., 41.,
       48., 41., 10., 60., 40., 30., 53., 266., 83., 51., 6., 50., 25.,
       16., 8., 57., 6., 10., 2., 11., 7., 7., 12., 48., 62., 73., 9.,
       51., 19., 19., 12., 52., 39., 59., 13., 142., 56., 44., 45., 432.,
       453., 391., 55., 522., 48., 23., 41., 215., 46., 47., 11., 68.,
       34., 18., 51., 183., 58., 30., 10., 29., 6., 4., 8., 24., 49.,
       36., 12., 52., 15., 12., 63., 124., 740., 638., 72., 323., 53.,
       49., 61., 216., 68., 54., 10., 60., 57., 43., 148., 356., 691.,
       411., 70., 228., 32., 37., 58., 118., 319., 218., 57., 438., 149.,
       132., 306., 1130. ]
